500
22 3 2
15 2
22 2
19 3
16 102 2
15 94
8 47
4 6
245 3 2
69 2
231 2
54 2
3 296 2
1 145
1 287
1 100
186 79 2
113 15
33 41
63 12
3 3 2
2 2
1 3
1 1
296 231 2
220 166
98 17
194 46
3 23 2
2 20
2 21
1 2
3 3 2
2 2
3 1
1 2
4 3 2
3 1
1 1
3 3
228 70 2
119 56
87 32
70 27
3 3 2
1 3
1 2
1 1
208 82 2
20 73
117 23
135 48
103 297 2
70 292
61 170
13 3
4 4 2
1 2
1 3
1 4
4 3 2
4 3
2 3
1 2
4 4 2
2 2
4 2
2 3
3 3 2
3 1
3 2
2 3
3 3 2
3 3
3 1
1 3
99 3 2
18 3
75 1
20 2
24 6 2
7 4
5 4
21 1
3 3 2
3 3
2 2
1 2
296 63 2
5 30
78 47
40 32
227 3 2
138 3
72 2
86 3
3 3 2
3 2
2 3
1 1
149 7 2
41 2
121 7
117 1
3 3 2
2 3
2 2
3 3
288 207 1
117 25
197 154
111 31 2
65 15
35 4
107 5
3 3 1
1 1
2 2
227 59 2
158 43
119 35
68 1
248 131 2
104 102
103 2
176 25
50 3 2
18 1
4 3
15 3
135 109 2
26 108
35 44
133 76
3 3 2
1 1
2 1
3 3
5 221 2
1 141
1 4
2 49
4 3 2
2 1
3 2
4 3
3 3 2
1 1
3 3
1 3
31 224 2
27 151
13 176
31 74
3 4 2
3 1
1 3
2 1
173 44 2
143 12
80 26
129 22
3 292 2
2 41
3 147
1 95
3 3 2
1 3
2 2
1 1
4 3 2
1 2
3 2
3 3
114 295 2
14 197
72 241
72 292
23 3 2
3 2
8 3
21 2
158 3 2
157 1
149 2
34 2
55 70 2
50 70
2 64
21 28
3 4 2
1 4
3 4
3 1
3 4 2
1 1
3 3
2 1
3 120 2
1 3
2 12
1 34
4 4 2
3 3
2 4
1 4
3 3 2
3 2
1 1
2 2
109 3 2
37 3
79 1
96 1
276 3 2
161 3
177 2
89 2
250 169 2
74 30
35 60
115 56
3 3 2
1 1
1 3
3 1
3 3 2
2 3
3 1
1 2
158 38 2
139 32
2 9
72 27
286 159 2
237 1
217 71
275 97
226 3 2
23 1
182 1
6 2
3 3 2
1 3
2 3
3 1
4 4 2
1 1
3 4
4 4
71 87 2
36 44
1 87
71 1
3 3 2
1 3
3 2
1 1
3 3 2
3 1
3 2
1 2
4 3 2
4 3
1 1
3 1
32 3 2
3 3
8 2
9 1
3 3 1
1 1
2 2
180 160 2
76 144
177 64
151 55
3 4 2
2 1
2 2
1 2
225 143 2
130 66
57 15
71 34
3 3 2
1 3
2 2
1 1
162 228 2
34 208
32 123
151 59
67 25 2
32 10
66 3
21 18
3 3 2
1 2
3 3
3 2
300 97 2
227 79
92 69
246 58
82 3 2
20 3
51 3
16 3
3 3 2
3 1
3 2
2 2
3 3 2
1 2
3 2
2 3
3 3 2
1 2
2 3
1 3
214 3 2
101 2
68 3
85 2
296 3 2
88 1
237 1
65 2
299 84 2
235 27
246 33
213 65
4 4 2
1 2
4 4
3 1
4 4 2
1 4
1 3
3 1
252 104 2
49 104
52 22
2 45
169 222 2
26 84
131 82
29 167
3 3 2
3 1
2 3
1 1
3 295 2
2 275
3 128
2 162
101 3 2
33 3
15 3
23 1
122 18 2
84 18
55 1
60 2
3 132 2
3 96
3 13
3 87
254 32 2
29 17
40 5
204 24
3 4 2
3 4
2 1
3 3
4 4 2
1 4
1 2
3 4
32 233 2
20 29
4 47
23 28
47 3 2
46 3
2 3
36 2
223 130 2
95 101
196 15
9 117
3 276 2
2 102
2 208
2 128
143 188 2
80 147
98 160
122 184
236 147 2
155 41
67 110
7 137
3 257 2
1 233
1 11
1 17
129 102 2
87 7
104 16
78 17
3 3 2
1 3
2 3
3 1
199 288 2
190 109
125 55
178 116
4 4 2
4 2
2 1
1 2
4 271 2
2 236
3 168
3 89
3 3 2
3 2
1 2
2 1
101 3 2
7 2
58 1
16 3
3 4 2
3 2
2 4
1 3
285 188 2
37 170
182 88
284 169
68 112 2
57 26
29 89
4 100
116 92 2
112 18
6 54
18 64
3 3 2
3 3
2 1
2 2
3 3 2
3 2
1 1
2 3
3 159 2
1 116
2 89
2 101
4 4 2
3 2
4 1
1 3
298 3 2
101 2
276 1
259 1
3 4 2
3 1
2 1
1 3
269 253 2
106 93
132 204
151 246
4 4 2
4 3
1 3
2 3
4 3 2
4 1
3 2
1 1
163 44 2
147 34
52 10
91 15
286 86 2
84 40
132 77
228 3
226 192 2
159 49
92 183
34 57
3 21 2
1 1
1 14
3 11
134 195 2
95 91
74 21
55 111
4 4 2
3 2
4 2
2 2
118 130 2
88 129
45 16
63 94
4 4 2
1 4
4 4
2 2
3 3 2
3 2
1 1
2 1
3 3 2
1 1
2 1
3 1
3 3 2
1 3
3 2
1 2
20 272 2
7 12
12 50
20 140
4 4 2
1 1
1 2
2 3
3 3 2
1 2
2 1
3 1
267 141 2
37 110
151 96
107 43
147 3 2
15 2
38 3
120 1
190 195 2
71 146
82 8
37 161
129 52 2
4 17
104 11
114 41
3 261 2
2 207
1 163
1 220
3 3 2
2 2
3 2
2 3
4 3 2
2 1
1 3
2 2
176 252 1
112 136
64 175
244 3 2
220 2
182 2
60 1
268 3 2
251 2
170 2
158 3
3 3 2
2 2
1 3
1 1
3 3 2
3 2
3 1
1 3
3 3 2
1 1
2 2
1 2
45 222 2
36 13
19 98
32 168
234 255 2
25 112
88 203
92 186
261 165 2
41 95
240 143
110 149
55 4 2
27 3
37 4
35 2
3 3 2
3 2
2 3
2 2
3 3 2
2 1
1 3
2 3
3 130 2
2 1
2 91
2 8
222 107 2
187 74
94 24
176 107
3 120 2
3 114
2 58
3 26
273 291 2
61 163
120 29
231 45
3 3 2
1 1
2 3
2 1
3 193 2
1 69
1 37
3 181
259 179 2
141 162
185 106
101 127
79 170 2
55 138
76 81
4 5
3 98 2
1 12
2 2
1 81
142 5 2
126 5
29 1
49 2
8 8 2
8 1
8 8
1 1
4 4 2
1 1
4 4
2 2
3 3 2
3 2
3 1
2 1
3 3 2
2 2
2 3
1 2
3 274 2
3 150
2 241
3 253
3 3 2
3 1
1 3
2 1
296 79 2
158 66
257 62
100 19
3 3 2
3 3
3 2
1 1
268 238 2
74 172
147 15
180 97
4 4 2
3 4
2 1
3 1
3 3 2
2 1
2 2
3 1
69 68 2
9 23
26 16
9 44
25 65 2
5 10
6 16
7 9
3 3 2
3 2
1 2
3 3
283 219 2
250 155
134 128
240 19
4 3 2
4 3
1 3
2 3
148 81 2
44 72
91 48
116 54
3 13 2
2 11
3 7
3 8
135 7 2
70 3
125 2
130 6
64 245 2
5 28
17 9
22 240
300 300 2
1 1
1 3
3 1
4 4 2
4 1
4 4
2 1
3 6 2
1 1
2 4
3 3
3 3 2
1 1
2 1
2 2
3 97 2
1 67
3 9
2 27
148 210 2
16 80
70 65
148 159
4 3 2
4 3
1 3
3 3
3 3 2
2 2
2 3
1 3
3 3 2
1 3
2 3
2 2
224 213 2
48 133
146 139
57 84
75 212 2
29 10
7 63
14 54
74 3 2
3 1
62 2
27 3
162 171 2
46 128
112 131
4 46
92 137 2
11 82
30 100
53 119
3 37 2
3 29
3 35
3 4
4 3 2
4 2
3 3
2 3
3 3 2
3 3
2 1
2 2
230 192 2
51 36
169 78
99 167
184 238 2
179 45
137 177
183 9
116 180 2
88 84
50 38
29 131
298 116 2
20 54
42 64
181 36
166 168 2
32 44
25 139
27 129
4 3 2
4 2
1 1
4 3
52 11 2
14 4
29 1
35 10
63 165 2
45 1
26 71
34 83
241 3 2
6 2
229 3
155 3
113 3 2
31 1
42 2
91 2
4 4 2
3 3
2 4
2 2
4 4 2
3 4
1 3
3 2
3 3 2
3 1
2 1
1 1
276 3 2
246 1
145 2
41 3
3 3 2
2 3
1 3
3 2
76 12 2
27 3
55 1
30 1
225 16 2
93 10
34 5
146 5
3 90 2
2 32
3 52
3 31
140 187 2
53 133
115 43
94 148
120 271 2
80 93
106 40
35 257
300 5 2
2 3
15 2
300 5
3 10 2
2 10
1 9
3 9
3 3 2
1 1
3 1
2 2
4 4 2
2 4
4 1
4 3
90 125 2
31 64
79 107
63 117
3 3 2
1 2
3 1
3 2
198 3 2
55 1
177 2
71 1
153 285 2
10 36
90 263
121 210
104 3 2
47 1
64 2
79 1
171 80 2
95 67
32 79
160 6
4 3 2
3 2
3 3
1 1
70 14 2
14 10
66 14
27 10
3 3 2
2 3
2 2
1 1
3 82 2
1 80
2 68
2 54
3 276 2
2 25
3 99
3 19
226 209 2
148 7
177 8
222 185
19 3 2
10 2
1 1
2 2
3 4 2
2 4
1 2
3 3
48 230 2
5 227
26 141
6 110
284 3 2
264 1
245 2
217 1
233 31 2
1 12
202 25
229 1
70 6 2
16 1
47 6
68 1
4 3 2
2 1
3 1
2 2
151 265 2
71 197
35 181
59 9
3 39 2
2 13
2 24
1 13
228 3 2
65 2
112 2
207 3
4 4 2
2 3
2 4
4 3
276 170 2
129 148
191 114
39 63
3 3 2
2 1
2 2
3 2
196 103 2
55 12
31 70
68 53
3 95 2
1 71
1 53
1 77
4 4 2
1 2
3 1
4 3
4 4 2
2 1
4 1
2 2
104 271 2
20 198
73 242
41 62
162 87 2
139 87
38 27
130 10
97 274 2
70 76
62 269
85 57
4 3 2
2 3
2 2
2 1
3 53 2
1 31
2 42
1 23
186 253 1
25 75
130 15
219 144 2
184 18
211 138
115 95
88 83 2
66 62
69 43
25 57
4 4 2
4 3
2 3
2 1
168 75 2
47 3
20 35
4 10
268 125 2
95 43
133 87
178 56
4 3 2
4 1
3 3
2 3
44 170 2
9 42
25 61
42 46
4 3 2
3 2
4 3
1 2
3 3 2
3 3
1 3
1 2
4 4 2
3 3
2 2
1 4
3 3 2
1 3
3 1
1 1
288 125 2
19 107
148 22
119 38
7 7 2
4 4
1 7
2 7
4 4 2
4 2
3 3
4 1
149 123 2
16 106
78 24
139 123
3 3 2
3 3
3 1
3 2
3 3 2
2 1
1 3
2 3
290 279 2
170 194
45 3
137 190
4 3 2
4 1
3 2
4 3
96 3 2
40 1
30 1
65 2
12 174 2
5 70
12 170
8 44
3 3 2
1 3
3 3
2 2
4 4 2
3 2
3 4
1 3
291 211 2
208 67
155 167
81 199
72 300 2
38 228
56 46
44 66
269 3 2
68 3
28 3
76 3
3 3 2
1 2
2 3
2 2
4 3 2
4 2
1 1
3 2
3 3 2
1 1
3 3
1 3
4 4 2
4 4
2 2
4 2
124 169 2
5 117
11 142
67 122
225 249 2
178 100
129 202
130 184
6 35 1
6 9
6 10
3 3 2
3 2
2 2
2 1
196 284 2
166 92
88 177
39 240
281 3 2
104 3
271 3
40 3
295 60 2
291 38
163 29
94 13
74 205 2
73 168
9 85
28 80
201 177 2
45 174
72 46
197 86
3 3 2
2 3
3 3
1 3
180 3 2
42 3
180 2
88 2
3 3 2
1 1
2 2
3 3
3 3 2
2 3
1 1
2 2
4 3 2
2 2
2 3
3 2
191 3 2
48 3
12 2
154 2
144 3 2
89 3
100 3
129 1
3 3 2
2 1
3 3
1 1
265 137 2
77 70
86 71
17 64
180 3 2
75 3
1 3
112 2
3 3 2
2 2
1 2
1 3
243 3 2
178 2
212 3
233 3
3 3 2
3 2
3 3
1 3
3 3 2
3 1
3 3
2 1
223 3 2
223 2
154 3
99 3
4 4 2
1 1
2 1
4 1
228 74 2
165 60
155 6
100 47
186 238 2
76 199
63 66
161 30
111 3 2
6 1
2 1
33 2
3 3 2
2 1
1 1
1 3
4 4 2
4 4
1 1
3 3
3 4 2
2 2
3 4
1 4
23 108 2
14 9
8 92
6 59
4 4 2
2 3
3 4
4 2
4 4 2
2 3
2 2
4 1
4 3 2
3 1
3 3
4 1
241 3 2
24 1
88 3
194 2
4 4 2
4 2
4 4
2 4
4 3 2
1 1
4 3
4 1
3 3 2
1 2
2 3
2 1
8 8 2
8 1
8 8
1 1
121 289 2
59 80
103 110
28 277
277 153 2
84 34
91 93
251 14
3 3 2
1 1
2 2
1 2
3 4 2
3 4
1 2
2 2
67 25 2
32 10
66 3
21 18
3 3 2
3 2
1 1
3 3
9 238 2
8 156
5 230
4 8
3 3 2
1 1
2 1
3 2
3 3 2
2 3
1 1
2 1
4 3 2
2 1
4 3
3 1
3 4 2
1 4
3 2
2 3
3 3 2
1 1
3 3
2 2
3 4 2
3 1
3 4
2 2
253 101 2
36 63
128 93
208 95
4 3 2
1 2
3 2
1 1
3 10 2
2 10
1 9
3 9
205 92 2
15 24
147 36
46 61
3 3 2
3 2
1 3
1 1
4 3 2
3 3
4 1
4 3
33 3 2
10 2
10 1
9 3
160 224 2
142 112
129 40
64 100
100 197 2
9 189
63 138
11 143
4 4 2
3 2
3 1
4 2
3 4 2
2 3
3 2
3 1
4 4 2
1 3
3 2
3 4
217 9 2
213 5
194 9
114 4
3 4 2
1 4
1 3
3 4
260 248 2
212 121
112 198
193 141
3 294 2
2 133
2 29
2 136
198 3 2
7 1
50 1
103 1
170 30 2
50 8
164 1
12 2
3 3 2
2 3
1 1
2 1
255 81 2
74 12
4 67
27 50
94 26 2
29 21
61 19
22 19
3 3 2
3 3
2 2
2 3
3 33 2
3 7
1 18
2 29
300 5 2
2 3
15 2
300 5
3 3 2
3 1
1 2
2 2
160 77 2
156 58
106 65
56 49
3 95 2
2 67
3 88
1 13
219 103 2
218 24
158 8
111 58
4 4 2
1 2
4 3
2 1
226 61 2
118 38
84 50
213 36
285 209 2
182 20
125 50
228 189
4 4 2
2 3
2 4
2 1
234 91 2
129 85
46 55
143 84
4 4 2
4 2
1 4
4 3
19 3 2
4 3
18 3
18 1
3 102 2
2 75
3 32
1 100
3 3 2
3 3
3 2
2 2
4 4 2
3 2
2 1
2 2
4 4 2
2 2
3 1
4 4
3 3 2
3 1
3 3
1 2
3 294 2
2 139
2 81
2 220
253 67 2
89 56
190 59
136 50
76 126 2
5 73
22 101
76 81
136 3 2
125 1
21 3
52 2
4 4 2
1 3
1 1
2 1
300 187 2
288 42
78 11
107 58
281 89 2
81 84
20 88
280 52
3 106 2
3 61
1 89
1 15
46 3 2
5 2
39 3
20 1
239 96 2
163 43
97 71
186 81
3 25 2
2 23
3 20
2 14
3 3 2
1 3
3 2
2 1
4 3 2
4 3
3 1
4 1
3 20 2
3 18
1 11
1 5
113 289 2
85 60
108 31
22 260
242 173 2
210 29
94 76
144 64
225 175 2
60 166
196 157
113 58
231 3 2
50 3
212 2
116 3
4 3 2
1 2
4 2
1 3
55 53 2
48 42
39 31
29 10
117 3 2
79 2
60 3
18 3
3 5 2
1 1
3 2
3 1
3 3 2
1 1
1 3
3 1
257 294 2
117 290
188 102
74 103
3 191 2
3 184
2 46
1 113
22 269 2
8 211
18 92
19 136
37 197 2
25 129
28 69
37 60
126 3 2
47 1
42 3
62 3
176 3 2
159 3
79 3
42 3
3 3 2
3 1
2 3
1 2
4 4 2
4 4
3 2
3 3
3 3 2
2 1
2 2
3 3
160 149 2
75 15
76 149
22 8
204 116 2
158 80
18 68
122 93
3 3 2
2 3
2 2
2 1
4 4 2
1 3
4 4
2 4
4 3 2
2 3
2 1
2 2
3 3 2
3 1
2 1
3 2
6 61 2
1 40
1 24
1 56
3 3 2
1 3
2 1
3 3
53 220 2
34 30
38 1
3 7
148 238 2
34 219
126 218
141 159
141 267 2
131 38
1 215
3 95
3 267 2
2 189
3 88
3 150
3 187 2
2 63
1 22
2 78
4 4 2
1 2
4 1
3 4
258 275 2
189 123
19 40
161 227
3 256 2
3 162
3 208
2 250
215 67 2
71 56
95 55
88 21
3 4 2
1 2
1 3
3 4
248 275 2
86 128
145 122
16 19
4 4 2
4 3
3 3
3 1
171 234 2
58 26
69 153
83 50
189 70 2
67 5
174 30
64 51
3 4 2
2 2
1 1
1 3
252 3 2
44 1
231 1
8 2
204 268 1
4 197
14 18
3 3 2
1 1
3 1
1 2
71 87 2
36 44
1 87
71 1
3 4 2
2 3
2 1
2 2
190 179 2
102 8
155 109
12 120
94 3 2
35 3
42 1
69 2
20 3 2
4 1
17 2
8 2
3 23 2
2 7
2 2
3 9
297 3 2
153 2
222 3
27 1
3 3 2
3 2
1 2
2 3
3 3 2
3 2
1 3
2 2
258 3 2
163 3
211 2
191 3
186 263 2
90 115
175 74
38 165
4 4 2
1 3
1 4
4 1
298 35 2
61 20
83 34
66 34
64 295 2
43 6
13 238
19 29
68 37 2
26 6
48 36
37 30
4 3 2
4 1
4 3
3 3
41 3 2
24 1
36 1
21 1
17 3 2
11 2
17 3
13 3
3 3 2
3 1
2 3
1 3
267 136 2
100 69
55 84
242 32
289 211 2
225 65
159 6
89 13
3 3 2
2 3
3 2
3 3
4 4 2
1 2
4 3
2 2
3 3 2
1 3
2 3
3 2
3 173 2
3 22
2 139
2 87
3 34 2
1 8
2 22
3 16
148 195 2
18 127
16 35
77 189
300 300 2
1 1
1 2
2 1
4 3 2
4 2
3 3
3 2
114 3 2
14 2
40 3
37 1
3 3 2
2 1
1 3
3 1
157 66 2
122 39
54 36
28 19
31 76 2
2 60
25 20
28 33
158 34 2
135 16
61 7
66 11
166 179 2
10 48
21 162
151 116
3 4 2
3 2
1 2
2 2
188 227 2
88 218
74 176
70 79
4 4 2
4 2
2 3
2 4
168 21 2
163 10
97 9
138 21
3 3 2
3 2
2 2
1 1
3 93 2
2 9
1 51
2 53
3 3 2
2 3
2 2
1 2
3 3 2
2 2
3 3
1 3
58 3 2
6 1
16 3
38 2
281 213 2
137 77
222 122
210 58
4 4 2
4 2
2 1
3 4
4 3 2
1 2
4 1
2 1
4 4 2
3 1
2 4
4 2
3 3 2
3 1
2 3
3 3
4 4 2
1 3
3 2
2 4
3 3 2
3 2
2 3
1 3
3 3 2
3 2
2 1
3 1
168 157 2
27 14
154 68
46 114
299 3 2
9 2
217 2
138 2
4 4 2
1 4
4 4
2 2
4 3 2
4 2
1 1
2 1
4 3 2
4 2
1 1
3 1
