500
68 46 2
28 20
8 23
52 12
3 3 2
3 3
2 2
2 3
69 68 2
9 23
26 16
9 44
3 4 2
1 1
3 3
2 1
3 3 2
3 3
2 2
1 2
215 270 1
25 154
16 124
3 3 2
1 3
2 3
2 2
231 194 2
126 103
225 25
165 122
4 3 2
2 1
3 1
2 2
3 3 2
3 3
2 1
2 2
3 3 2
1 1
3 3
2 2
4 4 2
3 2
2 1
2 2
219 150 1
80 132
79 143
53 220 2
34 30
38 1
3 7
3 3 2
3 1
2 3
1 1
222 107 2
187 74
94 24
176 107
250 169 2
74 30
35 60
115 56
8 8 2
8 1
8 8
1 1
4 4 2
4 3
3 3
3 1
225 249 2
178 100
129 202
130 184
224 213 2
48 133
146 139
57 84
113 3 2
31 1
42 2
91 2
45 116 2
19 78
44 77
7 106
230 192 2
51 36
169 78
99 167
3 3 2
3 1
2 3
3 3
297 3 2
153 2
222 3
27 1
122 135 2
22 85
93 85
120 108
3 3 2
2 2
1 3
1 1
3 33 2
3 7
1 18
2 29
285 188 2
37 170
182 88
284 169
3 3 2
1 3
2 2
1 1
33 218 2
9 171
20 40
31 63
3 3 2
1 1
1 3
3 1
3 95 2
2 67
3 88
1 13
168 21 2
163 10
97 9
138 21
268 3 2
251 2
170 2
158 3
3 3 2
3 2
2 2
2 1
97 274 2
70 76
62 269
85 57
281 213 2
137 77
222 122
210 58
226 192 2
159 49
92 183
34 57
293 132 2
260 47
284 23
194 17
4 4 2
1 2
4 4
3 1
3 4 2
3 2
2 4
1 3
3 3 2
3 1
1 3
2 1
145 252 2
125 134
40 221
115 10
186 263 2
90 115
175 74
38 165
3 3 2
3 2
2 3
1 1
3 3 2
2 3
2 2
1 1
146 180 2
83 117
53 121
107 141
255 81 2
74 12
4 67
27 50
31 196 2
11 191
11 166
27 6
190 195 2
71 146
82 8
37 161
23 108 2
14 9
8 92
6 59
3 3 2
1 1
3 1
2 2
45 222 2
36 13
19 98
32 168
3 3 2
2 2
3 2
2 3
3 3 2
2 2
2 3
1 2
3 3 2
3 2
1 1
2 2
3 3 2
3 1
2 3
1 3
4 4 2
1 4
4 4
2 2
228 3 2
65 2
112 2
207 3
74 3 2
3 1
62 2
27 3
168 75 2
47 3
20 35
4 10
4 3 2
3 1
1 1
3 3
3 3 1
1 1
2 2
4 4 2
4 2
2 1
3 4
31 76 2
2 60
25 20
28 33
232 36 2
221 11
229 21
207 19
75 44 2
33 40
47 7
46 22
112 184 2
92 11
83 139
104 22
285 209 2
182 20
125 50
228 189
4 3 2
1 1
4 3
4 1
226 3 2
23 1
182 1
6 2
4 3 2
1 2
3 2
1 1
148 210 2
16 80
70 65
148 159
3 3 2
3 3
3 1
3 2
143 188 2
80 147
98 160
122 184
296 79 2
158 66
257 62
100 19
236 34 2
113 25
18 8
72 34
3 193 2
1 69
1 37
3 181
3 3 2
3 2
1 3
2 2
64 295 2
43 6
13 238
19 29
196 284 2
166 92
88 177
39 240
99 3 2
18 3
75 1
20 2
4 4 2
3 2
3 4
1 3
166 179 2
10 48
21 162
151 116
3 4 2
2 1
2 2
1 2
180 160 2
76 144
177 64
151 55
68 37 2
26 6
48 36
37 30
3 3 2
2 3
2 2
3 3
63 165 2
45 1
26 71
34 83
199 288 2
190 109
125 55
178 116
3 3 2
1 3
3 2
2 1
259 179 2
141 162
185 106
101 127
4 4 2
1 1
3 4
4 4
3 3 2
1 2
2 3
1 3
67 25 2
32 10
66 3
21 18
4 4 2
1 3
3 2
2 4
4 271 2
2 236
3 168
3 89
46 3 2
5 2
39 3
20 1
119 182 2
116 43
18 48
79 56
242 173 2
210 29
94 76
144 64
248 170 2
97 101
121 35
163 101
3 4 2
3 4
1 2
2 2
4 3 2
2 2
2 3
3 2
3 3 2
1 3
1 2
1 1
263 183 2
210 164
92 31
94 87
4 3 2
4 3
3 1
4 1
219 89 2
135 21
189 14
40 33
4 3 2
1 2
4 1
2 1
3 82 2
1 80
2 68
2 54
4 4 2
4 1
4 4
2 1
199 286 2
57 69
65 214
7 264
204 268 1
4 197
14 18
267 136 2
100 69
55 84
242 32
3 4 2
1 4
3 4
3 1
4 4 2
4 4
2 2
4 2
6 61 2
1 40
1 24
1 56
259 110 2
66 23
226 78
152 57
48 230 2
5 227
26 141
6 110
114 3 2
14 2
40 3
37 1
3 3 2
1 3
2 1
3 3
3 159 2
1 116
2 89
2 101
3 3 2
3 2
3 3
1 3
3 102 2
2 75
3 32
1 100
4 3 2
4 2
3 3
2 3
3 3 2
2 2
3 3
1 3
178 262 2
119 172
65 183
24 182
110 107 2
42 7
17 71
20 70
4 3 2
4 1
4 3
3 3
3 3 2
3 2
2 1
3 1
4 4 2
2 3
2 4
4 3
254 32 2
29 17
40 5
204 24
149 231 2
108 106
134 196
81 77
296 63 2
5 30
78 47
40 32
17 3 2
11 2
17 3
13 3
3 3 2
3 1
2 1
3 2
56 121 2
13 109
41 54
39 95
3 3 2
3 3
1 3
1 2
7 7 2
4 4
1 7
2 7
3 4 2
2 3
2 1
2 2
3 3 2
2 1
2 2
3 1
244 232 2
228 138
134 111
146 10
228 74 2
165 60
155 6
100 47
269 3 2
68 3
28 3
76 3
4 4 2
1 2
4 3
2 2
3 21 2
1 1
1 14
3 11
223 130 2
95 101
196 15
9 117
144 3 2
89 3
100 3
129 1
4 4 2
1 3
3 2
3 4
3 23 2
2 20
2 21
1 2
64 245 2
5 28
17 9
22 240
3 3 2
2 1
1 3
3 1
298 187 2
61 71
42 87
92 4
258 3 2
163 3
211 2
191 3
4 3 2
2 1
4 3
3 1
25 65 2
5 10
6 16
7 9
147 3 2
15 2
38 3
120 1
4 3 2
4 2
3 3
3 2
4 4 2
3 3
2 4
2 2
282 172 2
180 153
51 150
218 112
4 4 2
1 2
4 1
3 4
4 4 2
3 1
2 4
4 2
244 3 2
220 2
182 2
60 1
3 3 2
3 1
3 2
1 2
3 3 2
1 3
2 3
3 1
4 3 2
4 2
1 1
2 1
204 263 2
135 141
48 89
8 26
151 28 2
78 12
102 21
4 8
134 195 2
95 91
74 21
55 111
242 166 2
75 106
2 83
105 43
3 3 2
3 1
1 2
2 2
4 4 2
3 2
4 2
2 2
75 212 2
29 10
7 63
14 54
111 209 2
85 39
34 197
98 204
180 3 2
75 3
1 3
112 2
3 3 2
1 1
2 2
1 2
209 244 2
187 202
38 243
193 43
3 90 2
2 32
3 52
3 31
3 3 2
3 3
3 2
1 1
158 3 2
157 1
149 2
34 2
4 3 2
4 2
1 1
3 1
152 125 2
142 29
107 118
124 64
58 3 2
6 1
16 3
38 2
4 4 2
1 1
1 2
2 3
3 5 2
1 1
3 2
3 1
4 4 2
1 1
2 1
4 1
4 4 2
2 4
4 1
4 3
239 96 2
163 43
97 71
186 81
4 3 2
2 3
2 2
2 1
3 4 2
3 1
1 3
2 1
300 300 2
1 1
1 3
3 1
64 141 2
21 77
11 126
12 115
3 39 2
2 13
2 24
1 13
3 3 2
3 2
1 1
2 3
3 3 2
1 1
2 1
3 1
3 276 2
2 25
3 99
3 19
4 4 2
4 4
1 1
3 3
55 53 2
48 42
39 31
29 10
160 149 2
75 15
76 149
22 8
4 3 2
3 2
3 3
1 1
290 279 2
170 194
45 3
137 190
4 3 2
4 3
2 3
1 2
3 4 2
3 1
3 4
2 2
32 233 2
20 29
4 47
23 28
4 4 2
1 2
3 1
4 3
4 4 2
3 3
2 2
1 4
3 3 2
2 3
3 3
1 3
3 3 2
1 2
2 3
2 1
90 125 2
31 64
79 107
63 117
4 4 2
1 3
1 4
4 1
3 120 2
1 3
2 12
1 34
20 272 2
7 12
12 50
20 140
3 3 2
3 2
2 3
1 3
3 20 2
3 18
1 11
1 5
142 5 2
126 5
29 1
49 2
3 37 2
3 29
3 35
3 4
55 4 2
27 3
37 4
35 2
4 4 2
3 3
2 4
1 4
3 3 2
2 2
1 2
1 3
226 58 2
43 18
197 10
207 35
158 34 2
135 16
61 7
66 11
4 3 2
4 2
1 1
3 2
243 3 2
178 2
212 3
233 3
3 4 2
1 4
3 2
2 3
198 3 2
55 1
177 2
71 1
116 180 2
88 84
50 38
29 131
241 3 2
6 2
229 3
155 3
37 148 2
31 148
14 23
31 92
3 3 2
3 1
2 1
1 1
3 296 2
1 145
1 287
1 100
3 3 2
2 3
1 1
2 1
245 3 2
69 2
231 2
54 2
3 3 2
1 1
2 1
3 3
4 3 2
4 3
1 3
2 3
231 3 2
50 3
212 2
116 3
4 4 2
2 3
2 4
2 1
3 3 2
3 3
2 1
2 2
4 3 2
4 1
3 2
4 3
226 209 2
148 7
177 8
222 185
3 3 2
2 3
3 1
1 2
226 61 2
118 38
84 50
213 36
84 219 2
42 214
22 155
50 131
50 3 2
18 1
4 3
15 3
63 26 2
29 23
14 19
44 8
3 3 2
1 1
2 3
2 1
3 3 2
3 1
3 2
2 2
220 111 2
190 102
204 7
15 74
136 3 2
125 1
21 3
52 2
4 3 2
3 1
3 3
4 1
36 218 2
5 181
13 188
33 208
3 34 2
1 8
2 22
3 16
4 4 2
2 3
2 2
4 1
4 4 2
3 4
2 1
3 1
3 3 2
2 3
1 3
3 2
126 3 2
47 1
42 3
62 3
3 97 2
1 67
3 9
2 27
4 4 2
1 3
1 1
2 1
4 4 2
3 4
1 3
3 2
219 292 2
128 201
187 151
166 173
4 3 2
4 3
1 3
3 3
4 3 2
2 1
1 3
2 2
22 269 2
8 211
18 92
19 136
31 224 2
27 151
13 176
31 74
3 3 2
1 2
3 2
2 3
141 267 2
131 38
1 215
3 95
55 70 2
50 70
2 64
21 28
296 231 2
220 166
98 17
194 46
19 3 2
4 3
18 3
18 1
3 4 2
1 4
1 3
3 4
114 295 2
14 197
72 241
72 292
180 75 2
129 31
161 22
144 50
4 4 2
1 2
4 3
2 1
263 52 2
110 37
124 29
109 32
241 3 2
24 1
88 3
194 2
3 3 2
1 2
2 1
3 1
248 275 2
86 128
145 122
16 19
4 4 2
2 3
3 4
4 2
104 3 2
47 1
64 2
79 1
3 267 2
2 189
3 88
3 150
67 25 2
32 10
66 3
21 18
291 296 2
261 138
118 264
18 94
4 3 2
3 3
4 1
4 3
135 219 2
82 197
62 100
7 29
227 3 2
138 3
72 2
86 3
135 109 2
26 108
35 44
133 76
3 3 2
1 1
1 3
3 1
20 3 2
4 1
17 2
8 2
214 3 2
101 2
68 3
85 2
4 4 2
4 2
2 3
2 4
4 4 2
4 2
3 3
4 1
3 3 2
3 2
2 2
1 1
4 4 2
1 4
1 3
3 1
217 9 2
213 5
194 9
114 4
3 3 2
3 1
3 2
2 3
4 4 2
2 1
4 1
2 2
4 4 2
1 4
1 2
3 4
4 4 2
3 2
4 1
1 3
3 95 2
1 71
1 53
1 77
168 157 2
27 14
154 68
46 114
3 23 2
2 7
2 2
3 9
4 4 2
4 3
1 3
2 3
257 294 2
117 290
188 102
74 103
3 187 2
2 63
1 22
2 78
101 3 2
33 3
15 3
23 1
3 93 2
2 9
1 51
2 53
3 3 2
2 1
1 3
2 3
4 4 2
1 4
4 4
2 2
3 3 2
2 1
3 3
1 1
22 3 2
15 2
22 2
19 3
94 26 2
29 21
61 19
22 19
72 300 2
38 228
56 46
44 66
3 3 2
3 3
3 2
2 2
126 46 2
72 10
67 45
87 41
47 3 2
46 3
2 3
36 2
252 169 2
248 79
134 133
158 63
276 3 2
161 3
177 2
89 2
4 4 2
1 2
1 3
1 4
174 120 2
62 54
85 117
57 9
3 3 2
1 3
2 2
1 1
287 89 2
203 36
127 72
233 67
39 244 2
16 175
37 13
9 74
3 3 2
3 2
1 1
3 3
296 274 2
51 41
222 49
211 168
3 3 2
3 2
1 2
3 3
8 8 2
8 1
8 8
1 1
3 3 2
1 3
2 3
3 2
223 3 2
223 2
154 3
99 3
3 3 2
3 3
3 1
1 3
3 3 2
1 3
3 2
1 1
3 120 2
3 114
2 58
3 26
176 3 2
159 3
79 3
42 3
3 4 2
2 3
3 2
3 1
4 4 2
4 4
3 2
3 3
128 262 2
4 183
79 31
61 14
300 187 2
288 42
78 11
107 58
3 3 2
1 1
3 3
1 3
3 10 2
2 10
1 9
3 9
269 210 2
151 109
24 98
149 208
122 234 2
118 21
107 39
17 21
3 3 2
2 1
1 1
1 3
4 3 2
1 2
3 2
3 3
216 190 2
193 109
135 116
15 62
3 261 2
2 207
1 163
1 220
32 3 2
3 3
8 2
9 1
113 99 2
4 36
43 47
79 47
3 10 2
2 10
1 9
3 9
276 3 2
246 1
145 2
41 3
44 170 2
9 42
25 61
42 46
3 4 2
3 1
2 1
1 3
211 173 2
67 156
104 24
14 15
3 3 2
2 1
1 3
2 3
3 3 2
2 3
2 2
2 1
3 3 2
2 3
2 2
1 2
3 3 2
3 2
1 2
2 1
3 3 2
1 3
3 3
2 2
3 3 2
3 2
1 2
2 3
33 3 2
10 2
10 1
9 3
3 3 2
1 1
2 1
3 2
3 98 2
1 12
2 2
1 81
4 4 2
3 2
3 1
4 2
298 35 2
61 20
83 34
66 34
3 3 2
2 3
3 2
3 3
101 3 2
7 2
58 1
16 3
217 212 2
169 144
107 171
100 157
149 123 2
16 106
78 24
139 123
4 4 2
4 2
1 4
4 3
4 4 2
4 2
4 4
2 4
4 3 2
4 3
1 1
3 1
82 3 2
20 3
51 3
16 3
4 3 2
2 3
2 1
2 2
41 3 2
24 1
36 1
21 1
3 3 2
2 1
2 2
3 2
150 12 2
54 2
73 8
46 7
190 179 2
102 8
155 109
12 120
88 83 2
66 62
69 43
25 57
3 295 2
2 275
3 128
2 162
3 294 2
2 133
2 29
2 136
160 77 2
156 58
106 65
56 49
3 4 2
2 4
1 2
3 3
3 13 2
2 11
3 7
3 8
111 3 2
6 1
2 1
33 2
168 242 2
55 111
70 57
22 187
281 3 2
104 3
271 3
40 3
62 258 2
60 64
22 227
16 135
3 3 2
3 1
3 3
1 2
298 3 2
101 2
276 1
259 1
219 149 2
27 45
108 66
165 63
3 173 2
3 22
2 139
2 87
149 7 2
41 2
121 7
117 1
71 87 2
36 44
1 87
71 1
273 291 2
61 163
120 29
231 45
33 204 2
23 87
1 194
33 43
3 3 1
1 1
2 2
3 4 2
2 2
3 4
1 4
3 3 2
1 1
3 1
1 2
3 4 2
3 2
1 2
2 2
4 3 2
1 2
4 2
1 3
291 211 2
208 67
155 167
81 199
4 4 2
2 2
3 1
4 4
267 141 2
37 110
151 96
107 43
3 294 2
2 139
2 81
2 220
153 285 2
10 36
90 263
121 210
265 137 2
77 70
86 71
17 64
4 4 2
1 1
4 4
2 2
260 248 2
212 121
112 198
193 141
3 3 2
1 3
3 1
1 1
240 172 2
106 53
234 172
220 166
3 292 2
2 41
3 147
1 95
100 197 2
9 189
63 138
11 143
3 256 2
3 162
3 208
2 250
299 3 2
9 2
217 2
138 2
3 3 2
2 3
1 1
2 2
19 3 2
10 2
1 1
2 2
284 3 2
264 1
245 2
217 1
4 4 2
2 2
4 2
2 3
252 104 2
49 104
52 22
2 45
3 4 2
2 2
1 1
1 3
4 3 2
3 2
4 3
1 2
290 208 2
49 148
77 103
170 60
3 3 2
1 1
2 1
2 2
298 116 2
20 54
42 64
181 36
3 191 2
3 184
2 46
1 113
63 33 2
34 6
15 5
47 24
4 4 2
1 3
4 4
2 4
300 5 2
2 3
15 2
300 5
129 253 2
65 118
106 220
24 26
296 3 2
88 1
237 1
65 2
3 4 2
3 4
2 1
3 3
3 3 2
1 1
3 3
1 3
4 3 2
4 2
1 1
4 3
3 106 2
3 61
1 89
1 15
3 3 2
1 1
2 2
1 2
252 3 2
44 1
231 1
8 2
289 132 2
283 63
37 122
28 98
3 257 2
1 233
1 11
1 17
173 44 2
143 12
80 26
129 22
3 132 2
3 96
3 13
3 87
3 3 2
3 2
2 3
2 2
71 87 2
36 44
1 87
71 1
3 3 2
1 3
2 3
3 1
9 238 2
8 156
5 230
4 8
3 53 2
1 31
2 42
1 23
3 3 2
2 1
2 2
3 3
140 187 2
53 133
115 43
94 148
3 3 2
3 1
3 3
2 1
3 3 2
3 2
1 1
2 1
3 3 2
2 3
1 1
2 1
198 3 2
7 1
50 1
103 1
3 3 2
3 2
3 1
1 3
117 3 2
79 2
60 3
18 3
171 234 2
58 26
69 153
83 50
184 238 2
179 45
137 177
183 9
3 25 2
2 23
3 20
2 14
191 3 2
48 3
12 2
154 2
3 3 2
2 2
2 3
1 3
225 16 2
93 10
34 5
146 5
3 274 2
3 150
2 241
3 253
145 156 2
107 39
18 111
78 20
3 3 2
1 2
3 3
3 2
3 3 2
2 2
1 3
1 1
3 130 2
2 1
2 91
2 8
228 102 2
36 86
103 89
154 95
111 31 2
65 15
35 4
107 5
3 3 2
1 1
2 2
3 3
3 3 2
2 2
3 1
1 2
3 3 2
3 2
3 1
2 1
94 3 2
35 3
42 1
69 2
3 4 2
1 2
1 3
3 4
208 228 2
154 183
49 65
124 143
168 4 2
124 3
144 4
29 2
52 11 2
14 4
29 1
35 10
180 3 2
42 3
180 2
88 2
288 245 2
29 32
40 242
277 93
196 103 2
55 12
31 70
68 53
21 119 2
16 47
11 59
17 49
3 3 2
3 1
2 3
1 2
242 212 2
151 141
172 30
116 5
103 239 2
60 194
53 70
103 189
16 26 2
14 24
3 16
6 14
72 57 2
22 37
3 36
8 13
4 3 2
4 1
3 3
2 3
4 3 2
2 1
3 2
4 3
152 170 2
43 79
113 127
22 141
188 227 2
88 218
74 176
70 79
4 4 2
4 2
2 1
1 2
237 77 2
212 65
101 72
46 47
4 4 2
4 3
2 3
2 1
3 3 2
1 3
3 2
1 2
109 3 2
37 3
79 1
96 1
3 276 2
2 102
2 208
2 128
3 3 2
1 2
2 3
2 2
3 3 2
3 2
1 3
1 1
4 3 2
4 1
3 2
1 1
3 3 2
1 2
3 1
3 2
238 147 2
23 67
177 86
152 9
166 168 2
32 44
25 139
27 129
23 3 2
3 2
8 3
21 2
300 300 2
1 1
1 2
2 1
300 5 2
2 3
15 2
300 5
